12 11 14 17 16,1 2 3 6,5 4 7 8 9,10 13,15 18,a
10 13 14 15 18,16 17,1 4 7,2 5 8 11,3 6 9 12,b
10 13 16 17 18,1 4 7 8 9, 2 3 6 5,12 11 14 15,c
12 11 10 13 14 15 18 17 16,1 2 3 6 9,4 5,7 8,d 
10 13 16 17 18 15 12,1 2 3,4 5 6 9,7 8 11 14,e
10 11 12 14 16 17 18,1 4 7 8,2 3,5 6 9,13,15,f
12 14 15 17,11 10 13 16,3 2 1 4 7,6 5 8 9,g
10 14 13 11,12 15 18 17 16,7 8 9,1 4 5,2 3 6,h
16 13 10 11 12 14 18,1 4 5 6 9,7 8,2 3,15,17,i
10 13 16 14 12 15 18,2 5 8 11,1 4 7,3 6 9,17,j
16 13 10 14 18 15 12,7 8 11,1 2 3 6 9,4 5,17,k
10 11 12 14 16,15 18 17,3 6 9 8 7,1 4,2 5,13,l
12 11 10 13 16 17 18,14 15,1 5 9, 2 3 6,4 7 8,m
10 11 12 15 18 17 16,13 14,3 2 5 8,6 9,1 4 7,n
12 11 10 13 16 17 18 15 14,1 4 7 8,9 6 5,2 3,o
12 11 10 14 18 17 16,1 2 3,4 7 8 9,5 6,15,13,p
10 13 16 14 18 15 12,2 5 8 11,3 6 9,1 4 7,17,q
11 13 14 16,12 15 18 17,6 5 4 7 10,8 9,1 2 3,r
16 13 10 14 12 15 18,5 8 11,7 4 1 2 3 6 9,17,s
18 17 16 13 10 11 12 15 14,1 4 7,3 2 5 8,6 9,t
16 13 10 11 12 15 18 17 14,1 2 3 6 9,4 5,7 8,u
16 13 10 11 12 15 18,2 1 4 7,5 8,3 6 9,14 17,v
10 13 17 15 12,8 11 14,1 4 7,2 5,3 6 9,16, 18,w
10 11 13 14 10,12 15 18 17 16,3 6 9,2 5 8,1 4 7,x
16 13 10 11 12 15 14,1 4 7 8 9,2 3,5 6,17 18,y
